500
377
667
528
399
633
314
298
834
676
430
358
776
680
826
826
229
247
752
150
182
195
271
709
669
72
392
406
538
337
880
57
316
174
986
54
784
460
166
314
513
813
341
643
193
770
246
975
927
463
942
448
794
478
491
178
773
654
970
152
715
948
194
548
452
682
937
310
497
816
181
582
133
577
957
597
324
24
673
313
416
994
511
16
746
430
784
424
38
522
906
19
42
199
183
400
192
784
838
368
281
214
712
775
333
312
366
76
489
585
170
466
248
915
275
527
677
179
956
213
351
524
239
919
46
697
54
183
557
669
538
502
513
397
792
219
321
977
25
975
959
222
320
176
614
535
185
621
91
782
265
433
81
893
73
428
584
442
694
815
678
307
790
486
752
501
667
826
554
4
452
160
566
934
389
308
882
248
491
210
213
222
485
790
699
100
576
466
695
363
513
336
856
281
640
369
887
591
339
166
56
673
0
997
167
345
624
846
293
989
808
173
291
411
770
643
86
466
284
849
748
546
366
676
38
647
969
863
62
426
183
621
26
345
854
359
106
544
721
893
727
543
280
432
364
189
791
239
994
854
565
968
366
82
253
114
806
846
258
24
444
926
863
233
73
387
564
85
286
545
824
139
239
701
723
569
497
93
667
875
886
672
851
648
734
680
998
281
688
557
818
340
458
476
722
160
445
479
212
753
636
295
61
694
526
799
714
745
242
819
968
39
795
872
942
217
988
750
33
466
549
308
560
266
855
619
554
146
797
613
549
209
571
895
776
487
923
789
963
784
710
757
245
267
232
487
702
275
359
859
543
773
429
403
462
835
340
59
902
593
657
630
319
271
68
147
225
334
175
864
479
318
37
461
498
54
278
860
595
622
568
271
462
730
775
227
331
743
176
732
990
716
730
842
401
257
127
546
185
938
898
63
638
178
616
410
407
642
492
112
150
97
358
947
103
448
676
708
343
726
420
431
490
922
360
175
277
223
235
980
110
589
419
970
881
469
863
316
940
765
3
905
493
973
498
238
67
393
859
84
970
720
383
179
826
900
298
335
722
731
440
802
441
693
634
946
14
495
985
748
441
672
650
521
354
562
779
728
864
683
461
373
820
701
866
929
103
530
169
105
648
76
279
523
531
547
385
198
375
600
447
